4692
11361
1434
957
4956
9983
11206
4025
13193
12814
2744
4281
1603
12772
13455
112
1050
1322
2099
1990
14886
7089
6068
9566
12432
7808
5267
14866
12353
2704
3753
13258
12587
10023
14180
3738
12076
978
12015
14513
3027
12021
13060
5078
3669
9762
10629
4733
1400
7781
12384
745
1624
6277
6943
3112
10976
2412
11330
1477
2318
6513
7423
6487
1158
13524
14592
2699
2456
912
14778
2831
4200
11283
266
9375
5419
4969
10190
12264
1839
9419
791
8953
10665
3312
3167
8322
11813
2564
5330
145
6529
8198
3549
5945
4329
10102
10541
13436
4341
14158
4030
1929
4141
10377
14067
7638
11145
10351
8916
11529
12067
8302
8063
678
13193
13473
8293
3019
8604
9125
6484
343
5026
1519
14771
5540
3259
10476
9362
4670
4395
10033
11574
1700
13406
488
5478
1778
7373
14715
3334
8170
6253
8434
13529
11221
14859
1384
5388
2435
5780
6085
11941
1617
5047
10218
11871
9737
3725
1771
3857
1306
6421
14013
10384
6923
8932
12628
5951
796
4145
6616
9038
9581
7660
13082
2327
308
1050
8819
9461
11928
117
14131
3962
13423
5492
11450
9657
10669
10251
7849
7027
5375
274
6151
10607
13609
13464
5250
12963
5858
10090
7936
5558
12445
5826
14165
11085
14083
14071
7311
813
7258
4538
8111
11244
11918
12490
5724
11916
6143
8299
8543
8383
4019
5732
13254
13279
13815
9854
8628
2535
5150
8924
4953
8334
9073
2081
11422
3832
1474
10422
6428
9550
11286
10241
10937
12247
9097
4330
10989
6415
11226
2475
1891
13292
8766
13812
5743
5241
4403
5926
4563
5050
7511
14207
12333
3978
4564
12793
7444
4612
14263
11179
12135
6983
9503
1740
145
10831
4225
2633
10202
6990
4236
5022
3484
10820
3813
10084
13936
531
7477
11751
6756
3866
14128
1786
3443
154
9074
13144
1578
1045
9944
2373
6640
13465
3193
4685
1384
10158
5266
6045
2757
1052
4173
145
14371
12498
8715
8701
4087
10062
12274
4481
1073
13489
8524
736
13375
9096
720
13088
10842
2749
9322
14213
9165
5748
2907
13156
12211
3440
3755
9044
8010
14985
7781
6298
6117
3102
956
4271
13637
5449
4956
13591
2038
13068
3703
9900
