1576
7940
4754
14668
14483
9637
10484
5731
5372
7282
438
9518
13845
3572
3679
5992
13347
2567
4956
9771
7314
4665
5762
7979
5298
8453
10261
3913
13394
11261
6169
9076
3124
4616
7816
3527
8855
13062
4209
8432
10562
7299
4465
1666
12851
7217
3480
10566
11859
11614
14863
14486
10892
5381
4468
10175
13716
9114
9179
7962
1937
3920
11397
1605
7967
8810
8284
4426
6561
3349
5896
11542
5152
7877
14868
9165
3135
2626
4611
3406
14930
3558
6150
613
14145
7695
1207
14459
13513
14868
9969
11813
6167
12834
14762
10546
4325
7335
5357
300
11382
1966
13122
5178
6005
13383
8763
530
10948
5058
2656
3289
2586
10068
3264
11922
9074
3408
10411
5474
12290
10413
14864
7478
3193
6470
9473
1966
10808
7225
4273
3500
813
3825
1563
6959
607
1178
8428
13145
9700
13940
12057
4977
14710
3470
4649
2132
7235
13367
3824
13557
1294
4715
12059
8511
8154
2735
3605
12683
12351
10280
764
13847
14423
11483
2433
9108
13162
14726
621
14783
7027
3594
1889
7018
1387
6816
3195
14495
10583
7079
9714
7388
14600
4279
11861
8527
5792
12644
12447
6536
4526
2150
5005
13308
13552
12221
10039
4951
7791
14259
9391
3335
13171
11678
4114
6705
6783
365
9749
1636
3818
1344
7172
9730
5396
6216
7578
14603
9431
4280
7236
1724
5882
6817
12954
6412
13917
8441
4923
4517
13523
13563
9375
6433
10221
14132
9898
397
13217
2466
6160
1667
13441
6565
13133
6779
5804
10078
8739
6525
10932
6329
2994
4850
13642
14859
14335
11320
14630
13809
6444
9678
12455
7337
6274
3796
2547
5020
7245
12438
9415
1397
8722
4101
6888
6611
14940
14066
3527
14354
6909
7696
11585
9275
13070
10140
10201
8782
8874
6195
6321
4349
12430
11096
9102
13644
11358
3668
3394
1737
5527
14119
5665
11227
4726
2008
8206
10080
11515
3460
11371
12352
14460
13509
13845
5231
2625
6313
2066
2120
3904
1604
3234
1663
5131
7158
5414
2975
7886
9966
5799
13487
2832
14892
7603
13460
198
1309
2837
5447
6979
9150
14239
10669
2441
9544
5599
696
5956
14785
14556
4765
590
2026
4755
7953
12896
6384
2556
10165
9629
6241
12217
